DG( kbT ) Fr ( kbT / nm ) Fz (kbT / nm ) 
5.0 1.2658403740213036 0.7553771953307887 
4.0 1.2853694540523442 0.6844607617106798 
3.0 1.328872502425622 0.5365323079761892 
2.0 1.4021247018390712 0.36995898518270215 
1.0 1.4894693459069193 0.2724161119117209 
0.0 1.5728512303719895 0.2145269448219143 
-1.0 1.6382411668129961 0.17720601637893252 
-2.0 1.679507284006092 0.1548462694702516 
-3.0 1.7004892434792673 0.14268815847722396 
-4.0 1.7095467131394355 0.1360650712454056 
-5.0 1.7131119886910653 0.13191690876253565 
-6.0 1.7144719942791646 0.1287738139856737 
-7.0 1.7149478169947667 0.1259398823420847 
-8.0 1.7152181823477677 0.12342220801099735 
-9.0 1.7150653302113714 0.12071955131566138 
-10.0 1.7146865353334169 0.11818300679372813 
-11.0 1.7162208514978778 0.1166329073130532 
-12.0 1.7160040981234885 0.11811971900383184 
-13.0 1.7129438877130403 0.1267670517466628 
-14.0 1.7036767452154278 0.08439180567138697 
-15.0 1.750267671925941 0.22635634063587667 
