DG( kbT ) Fr ( kbT / nm ) Fz (kbT / nm ) 
5.0 1.2691626981480384 0.7427943206226336 
4.0 1.2938023865966994 0.6533684153035947 
3.0 1.347598272426694 0.4842836811236924 
2.0 1.4336057182883228 0.3284980680411161 
1.0 1.5350461925639203 0.2400779576661259 
0.0 1.6351711159629376 0.18147599346428706 
-1.0 1.7195748404465971 0.14029038722185877 
-2.0 1.7790826720445014 0.11384313259468513 
-3.0 1.8132103161219257 0.09874925997654377 
-4.0 1.8293279564619713 0.09055025908534975 
-5.0 1.835993134601659 0.08571275228690013 
-6.0 1.8385589930800328 0.08230010307577727 
-7.0 1.8395074504793516 0.07946513430871441 
-8.0 1.8398481501050024 0.0768569459379598 
-9.0 1.839903295150118 0.07414614156144166 
-10.0 1.839879544109238 0.07220011521886813 
-11.0 1.8404535674444469 0.06919429702470108 
-12.0 1.8396059377996876 0.06967345370735087 
-13.0 1.8428346328417164 0.07195184491031371 
-14.0 1.8400294689383125 0.05364186720208408 
-15.0 1.8370781168514843 0.14488695198494353 
