DG( kbT ) Fr ( kbT / nm ) Fz (kbT / nm ) 
5.0 2.1722884512208824 1.3850671388688367 
4.0 2.174745552387694 1.3858646756034116 
3.0 2.1808946685406876 1.3877628939450197 
2.0 2.1946232188853583 1.3916546910265735 
1.0 2.219379084503575 1.39738344026929 
0.0 2.2521617400273577 1.4017921661262076 
-1.0 2.2828919866325728 1.4013552410952246 
-2.0 2.3040102036432493 1.3970401802070596 
-3.0 2.315562877560641 1.3922306047359554 
-4.0 2.3210468207939936 1.3887637944087627 
-5.0 2.323449828371389 1.3867523409689364 
-6.0 2.324450532777142 1.3857021317065255 
-7.0 2.324857845546541 1.3852101597612398 
-8.0 2.324992552116347 1.3849362436997037 
-9.0 2.3250885915815753 1.3849058067138151 
-10.0 2.325193294034753 1.3849178786445189 
-11.0 2.3247491357399466 1.3848509545760717 
-12.0 2.3252948205605315 1.3861834582898647 
-13.0 2.327546984494518 1.391715207165347 
-14.0 2.3207006284710556 1.3558431010887548 
-15.0 2.3318159394069125 1.411679892190307 
