DG( kbT ) Fr ( kbT / nm ) Fz (kbT / nm ) 
5.0 1.2641762895727247 0.7616886961086171 
4.0 1.2811272789201107 0.700461181481775 
3.0 1.319158392421131 0.5669505321314827 
2.0 1.3849442890735666 0.39817888714296595 
1.0 1.464110502461892 0.29365912444420905 
0.0 1.5379337693126836 0.23557969991823077 
-1.0 1.5932237287622002 0.2005987209142059 
-2.0 1.6260444484969467 0.18080117166906995 
-3.0 1.641830301052431 0.1704203501714918 
-4.0 1.6484107252278173 0.16479816229986782 
-5.0 1.6509619856006081 0.1612197726854691 
-6.0 1.651905720607255 0.1584236015779082 
-7.0 1.6522558928032447 0.15593710725126209 
-8.0 1.6523549268567086 0.15326627653801678 
-9.0 1.652466044860069 0.1508857577031782 
-10.0 1.6528836067252193 0.15038376874511247 
-11.0 1.652920375401545 0.14452963341618985 
-12.0 1.6521041484590164 0.13971060942547509 
-13.0 1.6528933157327825 0.16876958166681283 
-14.0 1.6569865709059726 0.26580460220229885 
-15.0 1.6960723386708882 0.22300981240168408 
