DG( kbT ) Fr ( kbT / nm ) Fz (kbT / nm ) 
5.0 1.2675025271402462 0.7490781423457609 
4.0 1.2895954328755928 0.6687510511642561 
3.0 1.3383600016172874 0.5090210227410473 
2.0 1.4183187777896742 0.34722480901348735 
1.0 1.5130614097392294 0.2549096086831182 
0.0 1.6052149809682235 0.1967454538889033 
-1.0 1.6803793846295774 0.15729185343686847 
-2.0 1.7306370351107807 0.13265382003212992 
-3.0 1.7577519041306071 0.11888340730177369 
-4.0 1.7699543707767054 0.1113865287563342 
-5.0 1.7748627988970307 0.10682200298969102 
-6.0 1.7767306539449677 0.10345188415565809 
-7.0 1.7774160248005433 0.10059858362264097 
-8.0 1.7776543128784308 0.09788334130997418 
-9.0 1.7776832256535573 0.09540043180602685 
-10.0 1.7776351077058297 0.09256659278840036 
-11.0 1.7787574221805509 0.0928976616847678 
-12.0 1.7790575448130839 0.08769313134344457 
-13.0 1.783641443264339 0.1040577372482694 
-14.0 1.7774079778978937 0.09389548318604705 
-15.0 1.7969396775797921 0.06031178019802397 
