DG( kbT ) Fr ( kbT / nm ) Fz (kbT / nm ) 
5.0 1.2625103128610151 0.7680098310689669 
4.0 1.2768715811386235 0.7167117896498331 
3.0 1.3092498879078123 0.6003043210996661 
2.0 1.3667111772044742 0.43394559499375585 
1.0 1.4368164572984659 0.3204433827900313 
0.0 1.5003628513234315 0.2611686923165177 
-1.0 1.5455047301016318 0.22838248988539073 
-2.0 1.570671159755385 0.21112597952949713 
-3.0 1.5821811752958725 0.20250378439248717 
-4.0 1.5868447557126826 0.1979279064292713 
-5.0 1.5886247707607941 0.19501010915031852 
-6.0 1.5892899900961337 0.19268526990966414 
-7.0 1.5895499380203826 0.19066178297852765 
-8.0 1.5896987524915167 0.18883921778527496 
-9.0 1.5895048597821018 0.1869247135742786 
-10.0 1.589969643020146 0.18735698552359067 
-11.0 1.590554017373191 0.18091963806995395 
-12.0 1.5873149759535103 0.16225309896217086 
-13.0 1.5967483419423065 0.17074428724521565 
-14.0 1.5758648247408442 0.11284568600059125 
-15.0 1.4188245302752593 0.007205935393682789 
