DG( kbT ) Fr ( kbT / nm ) Fz (kbT / nm ) 
5.0 1.2575012308027678 0.7870025881624733 
4.0 1.26404611371622 0.7665069482934119 
3.0 1.2788026606831742 0.7159500410464891 
2.0 1.306023543265837 0.6137992474886499 
1.0 1.341730325682954 0.48677861996918537 
0.0 1.371845872405327 0.4058465729430689 
-1.0 1.389540011141866 0.3708658028917896 
-2.0 1.3977831766151416 0.3567812852220309 
-3.0 1.4011474029125437 0.3510943425571577 
-4.0 1.4024377005902258 0.3486521387964031 
-5.0 1.4029210301709383 0.34742193181923126 
-6.0 1.4030923945727092 0.34664643656615807 
-7.0 1.403128392818323 0.34600275495016836 
-8.0 1.403163120440617 0.3458142144771705 
-9.0 1.4034812984077862 0.3450511574917661 
-10.0 1.4032762699263082 0.343605738775806 
-11.0 1.4033363997438169 0.3390091834820368 
-12.0 1.4076270364978236 0.33809971895660135 
-13.0 1.409226154740078 0.3594200367442966 
-14.0 1.4223787631119853 0.31829458733809685 
-15.0 nan nan 
