DG( kbT ) Fr ( kbT / nm ) Fz (kbT / nm ) 
5.0 1.2591727765255183 0.780669636822209 
4.0 1.2683290667776042 0.7497833750363752 
3.0 1.2890221601026088 0.6751871547728975 
2.0 1.3270905121232737 0.539163095013891 
1.0 1.3757386454891782 0.4071592158355505 
0.0 1.4172230917115207 0.3378376929718049 
-1.0 1.4432344183802872 0.3064939997235405 
-2.0 1.4560655690125488 0.2926477116424735 
-3.0 1.4614718737927628 0.2866005996332474 
-4.0 1.4635763907317791 0.28374876220790207 
-5.0 1.4643603401384264 0.2821075002992188 
-6.0 1.4646509545408375 0.280920412784836 
-7.0 1.4647668886245715 0.2797211300743758 
-8.0 1.464730104611179 0.27879583679973724 
-9.0 1.4645997898472367 0.2776789293810241 
-10.0 1.4651524588826639 0.27917336843753426 
-11.0 1.4647124485917387 0.2683449013223453 
-12.0 1.4681204747695513 0.2815248650176409 
-13.0 1.4736070752777333 0.309242429984431 
-14.0 1.418665931825581 0.10473353789481682 
-15.0 nan nan 
