DG( kbT ) Fr ( kbT / nm ) Fz (kbT / nm ) 
5.0 1.2608424705991947 0.7743377628126926 
4.0 1.2726048012096225 0.7331683335611714 
3.0 1.299188349947269 0.6364794237906585 
2.0 1.347401828343405 0.47994380885063714 
1.0 1.40741368678132 0.35608769647873956 
0.0 1.4601074570919974 0.2936305390455321 
-1.0 1.495376947904498 0.26234908454029526 
-2.0 1.513851858302803 0.24722068662644212 
-3.0 1.5219359442381917 0.2401159548238791 
-4.0 1.525137079350053 0.23650878505784265 
-5.0 1.5263517832838855 0.23430219258486293 
-6.0 1.526789172299568 0.23256169426130255 
-7.0 1.5270031960790829 0.2310585278220041 
-8.0 1.5270046701685858 0.22953809616009868 
-9.0 1.5268458973041663 0.22748701364707802 
-10.0 1.5273985487724389 0.22920270122784747 
-11.0 1.5272429347602323 0.22725446075971428 
-12.0 1.526301152405636 0.2247612425657556 
-13.0 1.5274801702249743 0.20232100370506523 
-14.0 1.5382843540256825 0.25666393977350194 
-15.0 1.5738027232378713 0.19967262268670663 
