DG( kbT ) Fr ( kbT / nm ) Fz (kbT / nm ) 
5.0 1.2558278194398 0.79333374824885 
4.0 1.2597572105663193 0.7832873118002625 
3.0 1.268578370953222 0.7581143014009523 
2.0 1.2846615329412008 0.7032123410178125 
1.0 1.3058688264588767 0.6159529019520137 
0.0 1.324193458827847 0.5338200465619835 
-1.0 1.3347359052015795 0.4884452971284561 
-2.0 1.3394312720778652 0.46984114548424133 
-3.0 1.3412930396027165 0.4627996525973374 
-4.0 1.3419989174473648 0.4600914126666444 
-5.0 1.3422572873429346 0.45898630617839575 
-6.0 1.342358275497637 0.4584182526176323 
-7.0 1.3423696795640787 0.45812839787546106 
-8.0 1.3423978789862876 0.4578990293874416 
-9.0 1.3424271486345607 0.4571936681432274 
-10.0 1.3425077861153443 0.4594484181011198 
-11.0 1.3425981180197593 0.45565439496683 
-12.0 1.3421372277617611 0.46517739901418115 
-13.0 1.34102315687769 0.4768627866619995 
-14.0 1.3205223814629239 0.2849014839911175 
-15.0 nan nan 
